x <- 1:100
y <- 1:100
tv.df <- data.frame(x, y)
